  -0.0088519520
   0.0027449565
   0.0050803788
  -0.0051176036
  -0.0009498022
   0.0020920206
  -0.0114171794
  -0.0120067245
  -0.0019531459
   0.0009800672
  -0.0047949812
  -0.0030793744
  -0.0143156823
  -0.0131572044
  -0.0021968532
  -0.0158248758
  -0.0122205411
   0.0099491578
  -0.0042478754
  -0.0160632215
  -0.0148316094
  -0.0239155092
  -0.0300756324
  -0.0343962880
  -0.0444390947
  -0.0470449006
  -0.0262358621
  -0.0384232958
  -0.0551665832
  -0.0479943201
  -0.0455767613
  -0.0496395220
  -0.0302542721
  -0.0228840540
  -0.0309781221
  -0.0377293118
  -0.0261122942
  -0.0144804392
  -0.0049651248
  -0.0083843364
  -0.0159542247
  -0.0024673150
  -0.0061663798
  -0.0132489169
  -0.0133075539
  -0.0015001076
  -0.0021071009
  -0.0089268594
  -0.0161765570
  -0.0028438648
  -0.0008997053
  -0.0130671807
   0.0165139550
   0.0155685917
   0.0215144886
   0.0219484258
   0.0219891666
   0.0208927043
   0.0205329020
   0.0213476251
   0.0215945646
   0.0210436302
   0.0147663035
   0.0146238005
   0.0117926872
   0.0134568925
   0.0177695557
   0.0193325260
   0.0194177103
   0.0228705414
   0.0193635688
   0.0173261873
   0.0186682798
   0.0186408682
   0.0221743298
   0.0101187893
   0.0112099658
   0.0072458775
  -0.0034118027
   0.0126541840
   0.0162371334
  -0.0087720329
   0.0065271574
   0.0121390607
   0.0150529830
  -0.0100550060
   0.0060191147
   0.0058049590
  -0.0055471397
   0.0051639190
  -0.0080961721
   0.0165138656
   0.0126387909
   0.0071580779
  -0.0069150249
   0.0162905243
   0.0130087026
   0.0076551378
  -0.0062112979
   0.0065982436
   0.0063457877
  -0.0066185603
   0.0127595992
   0.0093762690
   0.0193231164
   0.0190870412
   0.0175196060
   0.0177152953
   0.0188416526
   0.0191451350
   0.0179872973
   0.0196340719
   0.0126403878
   0.0108595159
  -0.0073985832
   0.0008340598
   0.0024944066
  -0.0048205335
   0.0088408010
  -0.0021170786
   0.0000712220
  -0.0096220512
  -0.0094710523
  -0.0027968386
  -0.0003434225
  -0.0150079766
   0.0052738552
  -0.0052544951
  -0.0034881938
  -0.0116575917
  -0.0120953407
  -0.0042616509
  -0.0159505082
  -0.0120225282
  -0.0161358765
   0.0036197553
  -0.0061801614
  -0.0091137037
  -0.0153763090
  -0.0138272897
  -0.0197185264
  -0.0235011678
  -0.0258997630
  -0.0323691270
  -0.0337877699
  -0.0212958851
  -0.0341119151
  -0.0410139655
  -0.0332868968
  -0.0342922179
  -0.0417444862
  -0.0344151551
  -0.0333061007
  -0.0359467866
  -0.0244930067
  -0.0197740342
  -0.0242271771
  -0.0282449157
  -0.0212015757
  -0.0133385485
  -0.0061520789
  -0.0094438114
  -0.0131840850
  -0.0150820452
  -0.0042532291
  -0.0079372492
  -0.0123952095
  -0.0106077180
  -0.0022109339
  -0.0028029098
  -0.0085575936
  -0.0150831674
  -0.0031462538
  -0.0020487216
  -0.0105311977
   0.0116084194
   0.0122814671
   0.0166109653
   0.0168719641
   0.0171154548
   0.0163350767
   0.0181562802
   0.0183850748
   0.0183526861
   0.0182611736
   0.0150615651
   0.0159540892
   0.0164797614
   0.0160803881
   0.0097725048
   0.0110624497
   0.0078358012
   0.0095806075
   0.0130842683
   0.0144150250
   0.0148400320
   0.0156749297
   0.0122498937
   0.0148086421
   0.0155975661
   0.0161451081
   0.0170176787
   0.0124366321
   0.0135063175
   0.0137779494
   0.0144180910
   0.0061317427
   0.0075171367
   0.0034229505
  -0.0033823098
   0.0083419414
   0.0113249493
  -0.0069648329
   0.0034390244
   0.0097213411
   0.0127174882
  -0.0210617473
  -0.0027068589
   0.0055658300
   0.0075341298
   0.0098231055
  -0.0085548436
   0.0026325380
   0.0019007445
  -0.0053543831
   0.0029627538
  -0.0010392743
   0.0096833981
   0.0065584905
   0.0002252167
  -0.0137801807
   0.0121842291
   0.0092027231
   0.0045597133
  -0.0047741810
   0.0099677898
   0.0071169447
   0.0009418052
  -0.0125878596
   0.0038682918
   0.0001212089
   0.0082423091
   0.0079881339
   0.0152249240
   0.0144060114
   0.0135356685
   0.0118736562
   0.0167553849
   0.0161152797
   0.0154792086
   0.0147541144
   0.0140539739
   0.0142328669
   0.0138480927
   0.0129315485
   0.0075951123
   0.0084950936
  -0.0058043831
   0.0002713000
   0.0014537253
  -0.0038084166
   0.0084081007
   0.0055794703
   0.0069399698
  -0.0021540730
  -0.0005553799
  -0.0077337465
  -0.0073038036
  -0.0026852585
  -0.0005615841
  -0.0125938113
   0.0041641686
   0.0022215667
   0.0044420884
  -0.0048412302
  -0.0031234388
  -0.0093477575
  -0.0105104798
  -0.0047969932
  -0.0140842653
  -0.0108809413
  -0.0142684748
   0.0092731412
   0.0007910127
  -0.0066026141
  -0.0079194997
  -0.0137225604
  -0.0122120376
  -0.0162762932
  -0.0187315249
  -0.0201734884
  -0.0245216461
  -0.0253322924
  -0.0174143048
  -0.0261288306
  -0.0307418024
  -0.0252948645
  -0.0217790561
  -0.0314179055
  -0.0319503523
  -0.0233336119
  -0.0263387855
  -0.0316314578
  -0.0266944116
  -0.0252789911
  -0.0270549069
  -0.0199033105
  -0.0165938662
  -0.0193166307
  -0.0218965749
  -0.0173357668
  -0.0116402182
  -0.0060493771
  -0.0091371091
   0.0010785615
  -0.0126398195
  -0.0114867592
  -0.0129134155
  -0.0046672139
  -0.0080707726
  -0.0109491854
  -0.0082810350
  -0.0019674145
  -0.0026109564
  -0.0073669998
   0.0063045440
   0.0032586505
   0.0053427938
   0.0047159940
  -0.0126649927
  -0.0027109530
  -0.0021548649
  -0.0083485362
   0.0096690017
   0.0102173211
   0.0145759140
   0.0142268280
   0.0144027921
   0.0140953165
   0.0135973526
   0.0156566133
   0.0154355833
   0.0154863406
   0.0154643684
   0.0169457729
   0.0133531714
   0.0138008944
   0.0137446011
   0.0138984376
   0.0080072923
   0.0091507351
   0.0062796360
   0.0079451621
   0.0107915834
   0.0118437057
   0.0124639425
   0.0133491707
   0.0122943352
   0.0128394905
   0.0134464807
   0.0143318433
   0.0102457778
   0.0110860507
   0.0115833636
   0.0123002016
   0.0047804809
   0.0061576484
   0.0019946384
  -0.0045996522
   0.0063040654
   0.0092179834
  -0.0059898506
   0.0020928147
   0.0074675722
   0.0104073095
  -0.0165290417
  -0.0028824877
   0.0037785325
   0.0055389317
   0.0079020218
  -0.0073094776
   0.0013333079
   0.0005353196
  -0.0065560441
  -0.0023090364
   0.0093794966
   0.0065161484
   0.0028639178
  -0.0041609928
   0.0122012700
   0.0086246459
   0.0055043974
   0.0003250374
  -0.0096826046
   0.0092830929
   0.0068610857
   0.0033623646
  -0.0034852448
   0.0024936185
  -0.0013184184
   0.0069574183
   0.0064714770
   0.0142318331
   0.0123953528
   0.0116579354
   0.0105394098
   0.0094112094
   0.0152466456
   0.0137246343
   0.0131297157
   0.0124482899
   0.0126510457
   0.0125274168
   0.0119759683
   0.0117206343
   0.0110314602
   0.0109012851
   0.0063111139
   0.0068728515
  -0.0045228511
   0.0001050731
   0.0009586658
  -0.0029346622
   0.0060737771
   0.0073028105
   0.0061848550
   0.0107479441
   0.0101830579
   0.0037586629
   0.0053350410
   0.0047958382
  -0.0019336348
  -0.0007302522
  -0.0062116825
  -0.0057092368
  -0.0024117185
  -0.0005427784
  -0.0103311529
   0.0023324535
   0.0052471916
   0.0063928785
   0.0006067628
   0.0024059020
   0.0028541025
  -0.0043323149
  -0.0026975911
  -0.0076036526
  -0.0090130989
  -0.0047792088
  -0.0119555638
  -0.0096084912
   0.0003105332
  -0.0123090590
  -0.0040788758
   0.0055569688
  -0.0013317338
  -0.0006014448
  -0.0059018889
  -0.0064651498
  -0.0068409180
  -0.0120083380
  -0.0106292175
  -0.0135488737
  -0.0152464459
  -0.0161696059
  -0.0192222198
  -0.0197073451
  -0.0144182677
  -0.0151282793
  -0.0220538601
  -0.0234817965
  -0.0188147230
  -0.0204432125
  -0.0255660254
  -0.0244865601
  -0.0172043068
  -0.0204408473
  -0.0258194579
  -0.0249130678
  -0.0178454502
  -0.0146442680
  -0.0224695095
  -0.0244382896
  -0.0202429993
  -0.0198429573
  -0.0210831540
  -0.0163805719
  -0.0139371346
  -0.0157275662
  -0.0174852013
  -0.0143551121
  -0.0100154420
  -0.0056079833
  -0.0084143002
  -0.0005737631
  -0.0039741830
  -0.0114128252
  -0.0127424771
   0.0006536403
  -0.0106506155
  -0.0108188812
  -0.0046251373
  -0.0076565994
  -0.0095327569
  -0.0065443368
  -0.0016065361
  -0.0022923553
  -0.0062589228
   0.0044410442
   0.0037315729
   0.0016691568
   0.0108820740
   0.0094347168
   0.0036259418
   0.0039422161
   0.0026984039
  -0.0104098745
  -0.0022517299
  -0.0020454889
  -0.0067266910
   0.0079931078
   0.0114897494
   0.0116522211
   0.0113483874
   0.0105517976
   0.0137517399
   0.0132109770
   0.0131910413
   0.0131450411
   0.0135428844
   0.0133084131
   0.0129211630
   0.0129825206
   0.0130269105
   0.0136486829
   0.0105083321
   0.0109755976
   0.0109364479
   0.0059791449
   0.0081980482
   0.0092787784
   0.0099122290
   0.0105052953
   0.0101995749
   0.0107073352
   0.0113198860
   0.0121135266
   0.0144749302
   0.0100244594
   0.0104450996
   0.0110169232
   0.0117712590
   0.0140780275
   0.0075285469
   0.0084228362
   0.0089235916
   0.0002928872
   0.0040922911
   0.0065835285
  -0.0065683679
   0.0002940553
   0.0057897630
   0.0085320220
  -0.0124297792
  -0.0027168110
   0.0025621539
   0.0054770797
   0.0080330655
  -0.0132851954
  -0.0031237464
   0.0022685877
   0.0031730324
   0.0051471125
  -0.0081225208
  -0.0006432394
   0.0041459671
   0.0008151307
  -0.0053259427
   0.0082317856
   0.0055083959
   0.0022186692
  -0.0032340930
  -0.0134636079
   0.0082524249
   0.0056411057
   0.0024019915
  -0.0029889755
  -0.0130347874
   0.0063496705
   0.0045136924
   0.0013402067
  -0.0046013034
  -0.0026536805
   0.0046004863
   0.0098063529
   0.0090527121
   0.0079213866
   0.0145522805
   0.0120502219
   0.0111962916
   0.0105280279
   0.0099561509
   0.0137929188
   0.0118254402
   0.0111627991
   0.0106243768
   0.0102423429
   0.0093342832
   0.0090972173
   0.0084261156
   0.0049130961
